#set your path here!
cd /Users/hwang/Documents/hekstra/dw/pymol/

#settings
bg_color white
set ray_opaque_background, true
set map_auto_expand_sym, 1
set mesh_width, 1.2
set antialias, 1
set direct, 0.5
util.ray_shadows('none')
set cartoon_gap_cutoff, 0
set ray_volume

load 2tli_refine_001.pdb, THL
util.cbaw THL

set valence, 0
show sticks, (not hydrogens)
hide cartoon
set stick_radius, 0.2, not hydrogens
set sphere_scale,0.15

load_mtz omit_11.mtz, Fobs, 2FOFCWT, PH2FOFCWT
map_double Fobs
load_mtz omit_11.mtz, anom11, ANOM, PHANOM
map_double anom11
load_mtz omit_2.mtz, anom2, ANOM, PHANOM
map_double anom2


isomesh Fobs_mesh, Fobs, 2.0, THL, carve=1.5
color gray, Fobs_mesh
isomesh anom_5s_11, anom11, 5.0, THL, carve=1.5
color orange, anom_5s_11

cmd.set_view((-0.05967680737376213, 0.8059329390525818, -0.5889742970466614, -0.7495788931846619, -0.425830602645874, -0.5067390203475952, -0.6592061519622803, 0.411245197057724, 0.6295291781425476, -0.0001335088163614273, -0.0005337415495887399, -29.431926727294922, 37.03370666503906, 44.79946517944336, -8.800368309020996, 26.789161682128906, 32.278690338134766, -20.0))

png png/multivariate_THL_Zn317.png,dpi=900

hide everything, anom_5s_11

isomesh anom_5s_2, anom2, 5.0, THL, carve=1.5
color orange, anom_5s_2

png png/univariate_THL_Zn317.png,dpi=900

hide everything, anom_5s_2
hide everything, Fobs_mesh

isomesh Fobs_mesh1.5, Fobs, 1.5, THL, carve=1.5
color gray, Fobs_mesh1.5
isomesh anom_3s_11, anom11, 3.0, THL, carve=1.5
color orange, anom_3s_11

cmd.set_view((0.30357325077056885, 0.4838598072528839, -0.8207940459251404, -0.0008155615068972111, -0.8613159656524658, -0.508045494556427, -0.9527976512908936, 0.15490283071994781, -0.26108303666114807, 0.0013101790100336075, 0.0010656783124431968, -29.386842727661133, 42.21620559692383, 50.18017578125, 5.89509391784668, 26.687164306640625, 32.17668914794922, -20.0))

png png/multivariate_THL_Ca318_319.png,dpi=900

cmd.set_view((0.969228208065033, 0.24491557478904724, -0.02408079244196415, -0.10017848759889603, 0.30325645208358765, -0.9476186633110046, -0.22478987276554108, 0.920880138874054, 0.31846877932548523, -0.000382130965590477, -0.00018891878426074982, -27.216096878051758, 14.457757949829102, 46.2247200012207, 14.967000961303711, 24.22230339050293, 30.300397872924805, -20.0))

png png/multivariate_THL_Ca320.png,dpi=900

cmd.set_view((-0.9979773163795471, 0.05911051481962204, -0.022747226059436798, -0.0631050318479538, -0.8976138234138489, 0.43621861934661865, 0.005371269769966602, 0.4367797076702118, 0.8995394706726074, 0.0, 0.0, -27.261350631713867, 42.56800079345703, 39.388999938964844, 10.277999877929688, 22.7185115814209, 31.804189682006836, -20.0))

png png/multivariate_THL_Ca321.png,dpi=900

hide everything, anom_3s_11

isomesh anom_3s_2, anom2, 3.0, THL, carve=1.5
color orange, anom_3s_2

cmd.set_view((0.30357325077056885, 0.4838598072528839, -0.8207940459251404, -0.0008155615068972111, -0.8613159656524658, -0.508045494556427, -0.9527976512908936, 0.15490283071994781, -0.26108303666114807, 0.0013101790100336075, 0.0010656783124431968, -29.386842727661133, 42.21620559692383, 50.18017578125, 5.89509391784668, 26.687164306640625, 32.17668914794922, -20.0))

png png/univariate_THL_Ca318_319.png,dpi=900

cmd.set_view((0.969228208065033, 0.24491557478904724, -0.02408079244196415, -0.10017848759889603, 0.30325645208358765, -0.9476186633110046, -0.22478987276554108, 0.920880138874054, 0.31846877932548523, -0.000382130965590477, -0.00018891878426074982, -27.216096878051758, 14.457757949829102, 46.2247200012207, 14.967000961303711, 24.22230339050293, 30.300397872924805, -20.0))

png png/univariate_THL_Ca320.png,dpi=900

cmd.set_view((-0.9979773163795471, 0.05911051481962204, -0.022747226059436798, -0.0631050318479538, -0.8976138234138489, 0.43621861934661865, 0.005371269769966602, 0.4367797076702118, 0.8995394706726074, 0.0, 0.0, -27.261350631713867, 42.56800079345703, 39.388999938964844, 10.277999877929688, 22.7185115814209, 31.804189682006836, -20.0))

png png/univariate_THL_Ca321.png,dpi=900